ケンタッキーフライドチキン 栄養成分表 1/2 2024/4/3現在
※栄養成分表の数値は配合に基づいた標準値です。
ひとつひとつ手作りしている商品が多いため、実際の商品は数値に誤差が出る場合がありますのでご了承ください。 - ＝ 未分析、0 ＝ 0 又は微量
ナトリ
ウム
(mg)
カリウ
ム
(mg)
カルシ
ウム
(mg)
リン
(mg)
鉄
(mg)
レチ
ノール
(μg)
β-ｶﾛ
ﾃﾝ当量
(μg)
ﾚﾁﾉｰﾙ
活性
当量
(μg)
Ｂ１
(mg)
Ｂ２
(mg)
ナイア
シン
(mg)
Ｃ
(mg)
オリジナルチキン 87 218 16.5 12.8 9.1 2.3 585 318 15 193 0.6 44 26 48 0.09 0.48 5.7 4 0.4 1.5
ごま油香るパリパリ旨塩チキン 94 243 16.8 14.4 11.3 3.0 657 288 10 165 0.4 29 2 29 0.08 0.09 9.8 2 0.3 1.7
ガリぺパチキン 96 269 16.9 17.2 11.8 2.0 562 246 9 246 0.5 29 2 29 0.01 0.12 6.3 1 0.6 1.4
骨なしケンタッキー 83 191 20.3 8.5 8.3 2.3 665 277 12 164 0.4 14 4 14 0.11 0.10 8.5 2 0.3 1.7
カーネルクリスピー 42 119 6.8 6.6 8.2 1.1 229 99 73 75 0.1 2 3 2 0.04 0.03 3.0 1 0.3 0.6
ナゲット 5ピース 94 222 13.3 13.4 11.8 2.1 589 211 8 125 0.2 15 21 17 0.11 0.11 6.6 2 0.3 1.5
（ケチャップ） 9 11 0.1 0.0 2.6 - - - - - - - - - - - - - - 0.2
チキンフィレバーガー 161 398 24.3 19.7 31.1 3.3 969 365 23 208 0.9 15 54 20 0.19 0.13 9.2 3 1.7 2.4
辛口チキンフィレバーガー 161 384 24.4 17.8 31.9 3.5 1027 376 24 209 0.9 15 74 21 0.20 0.13 9.3 3 1.8 2.6
チーズチキンフィレバーガー 178 468 26.8 25.8 32.1 4.0 1179 374 97 258 0.9 52 86 59 0.20 0.18 9.2 3 1.7 2.9
ダブルチキンフィレバーガー 248 615 44.6 30.7 40.0 5.8 1684 643 35 372 1.3 29 58 34 0.31 0.24 17.7 6 2.0 4.2
和風チキンカツバーガー 165 426 16.0 22.3 40.5 2.7 773 287 26 163 0.8 7 11 8 0.13 0.09 6.1 10 2.1 2.0
和風チキンカツバーガー 本格ゆず七味マヨ 165 403 15.9 19.2 42.1 3.0 852 297 26 163 0.9 5 31 8 0.13 0.10 6.2 10 2.1 2.1
サルサフィレバーガー 193 438 27.1 21.4 34.6 4.4 1307 431 100 263 1.0 54 198 64 0.21 0.19 9.5 7 2.0 3.3
サルサカツバーガー 179 424 18.2 23.1 36.4 3.1 852 336 101 209 0.9 44 156 50 0.15 0.14 6.3 14 2.4 2.2
ミネラル ビタミン
食物
繊維
総量
(g)
食塩
相当量
(g)
Ａ	可食部
平均
重量
(g)
エネル
ギー
(kcal)
たんぱ
く質
(g)
脂質
(g)
炭水化
物
(g)
灰分
(g)
Copyright （C） KENTUCKY FRIED CHICKEN JAPAN LTD.All Rights Reserved.

-- 1 of 2 --

ケンタッキーフライドチキン 栄養成分表 2/2 2024/4/3現在
※栄養成分表の数値は配合に基づいた標準値です。
ひとつひとつ手作りしている商品が多いため、実際の商品は数値に誤差が出る場合がありますのでご了承ください。 - ＝ 未分析、0 ＝ 0 又は微量
ナトリ
ウム
(mg)
カリウ
ム
(mg)
カルシ
ウム
(mg)
リン
(mg)
鉄
(mg)
レチ
ノール
(μg)
β-ｶﾛ
ﾃﾝ当量
(μg)
ﾚﾁﾉｰﾙ
活性
当量
(μg)
Ｂ１
(mg)
Ｂ２
(mg)
ナイア
シン
(mg)
Ｃ
(mg)
ミネラル ビタミン
食物
繊維
総量
(g)
食塩
相当量
(g)
Ａ	可食部
平均
重量
(g)
エネル
ギー
(kcal)
たんぱ
く質
(g)
脂質
(g)
炭水化
物
(g)
灰分
(g)
バジルレモンツイスター 138 310 11.3 15.8 31.1 3.1 801 223 105 174 0.7 2 202 19 0.14 0.14 3.2 19 3.4 2.0
ペッパーマヨツイスター 143 301 11.3 14.5 31.7 2.9 724 250 106 175 0.7 3 168 17 0.15 0.13 3.3 7 3.3 1.8
てりやきツイスター 143 360 11.6 18.8 35.0 3.0 804 204 108 176 0.7 5 76 12 0.14 0.13 3.1 3 3.2 2.0
フライドポテト Ｓ 80 195 2.6 7.8 28.7 2.1 469 340 10 90 0.5 0 0 0 0.15 0.01 2.3 10 2.4 1.2
フライドポテト Ｌ 160 390 5.3 15.5 57.4 4.2 938 680 20 180 1.0 0 0 0 0.30 0.02 4.6 20 4.8 2.4
フライドポテト ボックス 372 908 12.3 36.1 133.5 9.7 2180 1581 47 419 2.3 0 0 0 0.70 0.05 10.7 47 11.2 5.6
コールスローＭ 130 137 1.6 10.2 10.3 1.4 366 206 44 34 0.4 6 445 43 0.04 0.04 0.2 39 1.9 0.9
コールスローＳ 80 85 1.0 6.3 6.3 0.9 225 126 27 21 0.2 3 274 26 0.03 0.02 0.1 24 1.2 0.6
ビスケット 51 200 3.2 11.1 21.7 1.5 347 60 23 50 0.2 3 1 3 0.04 0.03 0.3 0 0.8 0.9
（ハニーメイプル） 10 30 0.0 0.0 7.0 0.0 2 1 0 0 0.0 1 0 1 0.00 0.00 0.0 0 0.0 0.0
チョコパイ 53 274 3.1 15.7 29.0 0.8 113 31 3 13 0.2 0 0 0 0.00 0.00 0.1 0 0.5 0.3
濃厚チーズパイ 46 189 2.3 10.8 19.6 1.0 351 27 7 23 0.2 0 298 25 0.03 0.02 0.3 0 0.6 0.9
チキンクリームポットパイ 143 294 7.8 15.7 29.2 2.2 557 204 54 78 0.5 8 533 52 0.09 0.08 0.7 4 1.2 1.4
デミグラスポットパイ 146 305 8.2 17.4 27.7 2.7 893 217 15 78 0.6 7 88 14 0.09 0.03 2.6 3 1.2 2.2
Copyright （C） KENTUCKY FRIED CHICKEN JAPAN LTD.All Rights Reserved.

-- 2 of 2 --

