● 検査機関で分析した数値および「日本食品標準成分表」に基づき算出しております。（推定値）
● ひとつひとつ手作りしているため、実際の商品は数値に誤差が出る場合がありますのでご了承ください。
● 表示した数値には、お好みでお使いいただく調味料は含まれていません。（紅生姜、醤油、七味、山椒、ドレッシング）
(kcal) (g) (g) (g) (g)
小盛 535 28.6 17.3 64.8 2.2
並盛 673 31.5 17.8 99.7 3.1
大盛 812 33.5 18.2 127.1 3.1
小盛 630 36.3 23.7 65.0 2.4
並盛 767 39.2 24.2 99.9 3.3
大盛 906 41.2 24.6 127.3 3.3
小盛 658 36.7 26.9 65.8 2.7
並盛 795 39.7 27.4 100.7 3.7
大盛 934 41.7 27.8 128.1 3.7
小盛 835 38.8 40.8 75.7 3.1
並盛 972 41.7 41.3 110.7 4.0
大盛 1111 43.7 41.7 138.0 4.0
小盛 741 31.1 34.3 75.6 2.8
並盛 878 34.0 34.8 110.5 3.8
大盛 1017 36.0 35.2 137.9 3.8
並盛 851 38.0 29.4 109.9 5.0
大盛 990 40.0 29.8 137.2 5.0
小盛 546 29.7 16.4 69.5 2.7
並盛 705 32.7 16.9 105.2 3.9
大盛 826 34.8 17.3 132.6 3.9
小盛 627 36.3 22.0 69.7 2.9
並盛 786 39.4 22.5 105.4 4.1
大盛 907 41.4 22.9 132.7 4.1
小盛 632 37.0 23.4 69.6 2.9
並盛 791 40.0 23.9 105.3 4.0
大盛 912 42.1 24.3 132.7 4.0
小盛 495 12.9 16.7 71.4 2.4
並盛 630 15.7 17.2 105.7 2.9
大盛 769 17.7 17.6 133.0 2.9
特盛 990 25.9 33.4 142.7 4.7
小盛 590 20.6 23.1 71.5 2.6
並盛 725 23.4 23.6 105.8 3.1
大盛 864 25.4 24.0 133.2 3.1
特盛 1085 33.6 39.8 142.9 5.0
小盛 586 20.6 24.0 71.5 2.6
並盛 721 23.4 24.5 105.8 3.1
大盛 860 25.4 24.9 133.2 3.1
特盛 1111 34.4 40.7 148.9 6.0
サイズ 熱量 炭水化物	たんぱく質 脂質 食塩相当量
カテゴリー メニュー
チーズ親子丼
とろたまねぎラー親子丼
ねぎラー親子丼
牛あいがけ親子丼
牛すき丼
菜の花の親子丼
とろたま菜の花の親子丼
温たま菜の花の親子丼
親
子
丼
更新日 2026年5月13日
なか卯メニュー 栄養成分一覧表
牛
す
き
丼 温たま牛すき丼
とろたま牛すき丼
親子丼
とろたま親子丼

-- 1 of 8 --

(kcal) (g) (g) (g) (g)
サイズ 熱量 炭水化物	たんぱく質 脂質 食塩相当量
カテゴリー メニュー
小盛 437 24.5 8.5 64.6 1.8
並盛 592 27.1 9.0 99.8 1.8
大盛 696 28.9 9.4 123.3 1.8
特盛 823 46.8 15.0 123.6 2.7
小盛 597 35.9 18.6 68.9 3.0
並盛 753 38.5 19.1 104.1 3.0
大盛 857 40.3 19.5 127.6 3.0
特盛 984 58.2 25.1 127.9 4.0
小盛 473 19.4 13.8 65.7 1.4
並盛 611 21.7 14.3 97.0 1.4
大盛 732 23.7 14.7 124.3 1.4
小盛 587 26.7 20.6 70.3 2.7
並盛 726 29.0 21.1 101.8 2.7
大盛 847 31.1 21.5 129.2 2.7
小盛 544 19.8 19.5 70.6 2.1
並盛 682 22.1 20.0 101.8 2.1
大盛 803 24.1 20.4 129.2 2.1
小盛 850 29.8 40.4 87.9 2.5
並盛 991 32.8 40.9 123.8 3.7
大盛 1130 34.9 41.3 151.2 3.7
小盛 646 24.3 25.7 75.8 3.5
並盛 795 27.4 26.2 113.1 4.7
大盛 934 29.5 26.6 140.4 4.7
小盛 768 32.4 35.3 76.7 4.0
並盛 917 35.6 35.8 113.9 5.3
大盛 1056 37.6 36.3 141.3 5.3
小盛 971 38.0 50.1 88.8 3.1
並盛 1113 41.0 50.6 124.7 4.3
大盛 1252 43.0 51.0 152.1 4.3
並盛 1184 39.7 52.6 137.0 6.1
大盛 1323 41.7 53.0 164.4 6.1
小盛 701 24.1 27.1 88.1 2.9
並盛 971 32.8 36.2 130.1 4.0
大盛 1110 34.9 36.7 157.5 4.0
小盛 906 26.6 44.2 98.9 3.5
並盛 1176 35.3 53.3 140.9 4.6
大盛 1315 37.3 53.7 168.3 4.6
小盛 900 24.1 27.1 97.5 3.5
並盛 1170 32.8 36.2 139.5 4.6
大盛 1309 34.9 36.7 166.9 4.6
小盛 795 31.8 33.6 88.3 3.1
並盛 1065 40.5 42.7 130.3 4.2
大盛 1204 42.5 43.1 157.7 4.2
小盛 770 24.4 34.6 88.2 3.0
並盛 1039 33.1 43.7 130.2 4.2
大盛 1179 35.1 44.1 157.6 4.2
鶏
か
ら
丼
チーズカツ丼
塩だれオニオンサーモン丼
海
鮮
丼
サーモンユッケ丼
漬け旨サーモン丼
カ
ツ
丼
食べラー鶏から丼
チーズ牛とじ丼
牛とじ丼
カツ丼
牛あいがけカツ丼
とろたま鶏から丼
まぐろユッケ丼
マヨ鶏から丼
まぐろのたたき丼
ねぎラー鶏から丼
鶏から丼

-- 2 of 8 --

(kcal) (g) (g) (g) (g)
サイズ 熱量 炭水化物	たんぱく質 脂質 食塩相当量
カテゴリー メニュー
並盛 572 11.7 12.6 107.4 3.9
大盛 711 13.8 13.0 134.7 3.9
2倍盛 1179 23.5 25.1 214.8 7.8
並盛 1003 25.6 43.1 130.4 4.9
大盛 1142 27.7 43.5 157.7 4.9
2倍盛 1610 37.4 55.6 237.8 8.8
並盛 693 19.9 22.2 108.3 4.5
大盛 833 21.9 22.6 135.7 4.5
2倍盛 1301 31.6 34.8 215.7 8.4
並盛 666 19.4 19.0 107.6 4.2
大盛 805 21.5 19.4 134.9 4.2
2倍盛 1274 31.2 31.6 214.9 8.1
並盛 750 18.2 24.2 117.5 5.8
大盛 889 20.2 24.7 144.9 5.8
2倍盛 1357 29.9 36.8 224.9 9.7
小盛 679 14.9 25.1 99.4 1.9
並盛 817 17.2 25.6 130.7 1.9
大盛 938 19.2 26.0 158.0 1.9
並盛 1012 25.0 35.2 149.4 2.5
大盛 1133 27.1 35.7 176.8 2.5
並盛 709 24.5 21.2 105.0 2.1
大盛 830 26.5 21.7 132.3 2.1
特盛 1071 42.0 39.6 136.9 3.0
並盛 887 30.9 32.9 115.1 4.0
大盛 1008 33.0 33.3 142.5 4.0
特盛 1249 48.4 51.2 147.1 4.9
並盛 1011 48.8 36.4 120.5 6.7
大盛 1132 50.8 36.8 147.9 6.7
特盛 1373 66.3 54.7 152.5 7.5
うな重
牛すきうな重
うなぎあいがけ親子丼
う
な
丼
和風カレー
和風カツカレー
天
丼
和風こだわり卵カレー
海老天丼
上海老天丼
和風牛あいがけカレー
カ
レ
ー
和風チーズカレー

-- 3 of 8 --

(kcal) (g) (g) (g) (g)
サイズ 熱量 炭水化物	たんぱく質 脂質 食塩相当量
カテゴリー メニュー
並 540 16.0 17.9 77.5 4.1
大 646 18.6 18.3 99.2 4.3
特 751 21.2 18.7 120.9 4.7
並 630 16.7 25.0 83.4 4.1
大 735 19.3 25.4 105.0 4.4
特 840 21.9 25.8 126.6 4.7
小 189 4.6 3.5 36.3 2.4
並 356 8.5 6.9 67.4 2.7
大 489 12.2 7.6 96.6 3.0
並 248 7.2 0.8 50.8 4.4
大 353 9.8 1.2 72.4 4.7
特 458 12.4 1.6 94.0 5.0
小 221 7.1 7.9 29.6 2.4
並 435 13.9 15.2 58.8 4.9
大 540 16.5 15.6 80.4 5.2
小 307 14.4 14.8 29.7 2.6
並 522 21.2 22.2 58.9 5.1
大 627 23.8 22.6 80.5 5.3
小 186 6.1 3.0 33.7 3.2
並 318 8.9 5.6 56.9 3.6
大 423 11.5 6.0 78.5 3.9
小 243 7.9 8.3 33.5 3.7
並 457 14.7 15.7 62.6 6.1
大 562 17.3 16.1 84.2 6.4
小 329 15.2 15.3 33.6 3.9
並 544 22.1 22.6 62.8 6.3
大 649 24.7 23.0 84.4 6.6
小 179 4.4 3.2 32.9 4.5
並 321 7.1 6.4 58.6 4.6
大 429 9.5 6.8 82.4 4.7
小 262 11.6 9.6 30.9 3.3
並 415 14.8 12.8 58.8 4.9
大 523 17.2 13.2 82.5 5.0
小 248 9.4 8.6 33.2 3.5
並 482 17.9 17.2 63.6 5.6
大 590 20.4 17.6 87.3 5.7
並 476 11.2 17.6 68.0 4.2
大 584 13.6 18.0 91.7 4.3
並 575 20.3 18.3 82.9 4.7
大 683 22.7 18.8 106.6 4.8
並 665 21.0 25.5 88.8 4.7
大 773 23.4 25.9 112.5 4.8
小 204 10.0 3.3 33.3 3.2
並 358 15.0 6.1 59.3 4.6
大 469 17.8 6.6 82.0 4.9
温たま冷やし担々うどん
冷やし菜の花のおうどん
冷やしはいからうどん
温たま痺辛麻辣冷やし担々うどん
菜の花のおうどん
痺辛麻辣冷やし担々うどん
冷やし担々うどん
海老天ざるうどん（5種盛）
海老天ざるうどん（3種盛）
和風カレーうどん
月見うどん
きつねうどん
はいからうどん
海老天ぷらうどん（3種盛）
温
う
ど
ん
冷
う
ど
ん
海老天ぷらうどん（5種盛）
ざるうどん

-- 4 of 8 --

(kcal) (g) (g) (g) (g)
サイズ 熱量 炭水化物	たんぱく質 脂質 食塩相当量
カテゴリー メニュー
並 601 23.4 20.0 82.7 3.5
大 735 29.6 21.4 106.8 3.5
特 868 35.9 22.8 130.8 3.5
並 690 24.1 27.2 88.7 3.5
大 824 30.3 28.6 112.7 3.5
特 958 36.6 30.0 136.7 3.5
小 195 5.8 3.6 34.7 2.0
並 365 11.0 7.2 64.3 2.1
大 501 15.8 7.9 91.6 2.1
並 308 14.6 3.0 55.8 3.7
大 442 20.9 4.4 79.9 3.7
特 575 27.2 5.9 103.9 3.7
小 252 9.3 8.2 35.3 2.1
並 497 18.4 15.9 70.3 4.3
大 633 23.2 16.7 97.6 4.3
小 338 16.6 15.2 35.4 2.3
並 583 25.7 22.9 70.4 4.5
大 719 30.5 23.7 97.7 4.5
小 274 10.2 8.7 39.2 3.4
並 519 19.2 16.4 74.2 5.5
大 655 24.1 17.2 101.5 5.5
小 360 17.5 15.7 39.3 3.6
並 605 26.5 23.4 74.3 5.7
大 741 31.4 24.1 101.6 5.7
小 207 6.9 3.5 36.5 4.1
並 393 12.8 7.1 69.3 6.1
大 529 17.6 7.8 96.7 6.1
小 287 12.4 8.9 39.0 4.6
並 440 18.0 9.7 69.9 6.6
大 576 22.8 10.5 97.2 6.6
小 301 14.6 10.0 36.7 4.3
並 488 20.5 13.5 69.5 6.4
大 624 25.3 14.3 96.9 6.4
並 643 28.8 20.3 86.8 6.1
大 777 35.1 21.8 110.8 6.1
並 733 29.5 27.5 92.7 6.1
大 867 35.8 28.9 116.8 6.1
冷やし担々そば
温たま冷やし担々そば
ざるそば
海老天ざるそば（3種盛）
温
そ
ば
海老天ざるそば（5種盛）
海老天ぷらそば（3種盛）
はいからそば
海老天ぷらそば（5種盛）
きつねそば
痺辛麻辣冷やし担々そば
温たま痺辛麻辣冷やし担々そば
冷
そ
ば
冷やしはいからそば
月見そば

-- 5 of 8 --

(kcal) (g) (g) (g) (g)
サイズ 熱量 炭水化物	たんぱく質 脂質 食塩相当量
カテゴリー メニュー
小盛 876 25.3 42.0 97.5 5.6
並盛 1015 27.6 42.5 128.7 5.6
大盛 1136 29.6 42.9 156.1 5.6
W 小盛 1312 39.8 73.5 117.3 7.9
W 並盛 1451 42.1 74.0 148.6 7.9
W 大盛 1572 44.1 74.4 176.0 7.9
小盛 802 39.9 31.0 92.2 6.6
並盛 941 42.2 31.5 123.5 6.6
大盛 1062 44.2 31.9 150.9 6.6
W 小盛 1164 69.0 51.5 106.9 10.0
W 並盛 1302 71.3 52.0 138.2 10.0
W 大盛 1423 73.3 52.4 165.5 10.0
小盛 425 16.7 9.4 68.1 3.6
並盛 545 19.0 9.9 99.4 3.6
大盛 684 21.0 10.3 126.8 3.6
小盛 428 16.2 10.4 67.1 2.8
並盛 548 18.5 10.9 98.3 2.8
大盛 687 20.5 11.3 125.7 2.8
小盛 511 20.4 17.7 67.1 3.4
並盛 631 22.7 18.2 98.3 3.4
大盛 770 24.8 18.6 125.7 3.4
小盛 458 20.5 11.7 68.5 4.3
並盛 578 22.9 12.2 99.8 4.3
大盛 717 24.9 12.6 127.2 4.3
定
食
朝
食
銀鮭朝食
牛カルビ定食
豚しょうが焼き定食
こだわり卵朝食
目玉焼き朝食
目玉焼きベーコン朝食

-- 6 of 8 --

(kcal) (g) (g) (g) (g)
サイズ 熱量 炭水化物	たんぱく質 脂質 食塩相当量
カテゴリー メニュー
6 0.5 0.0 1.1 0.7
178 6.5 11.7 10.2 1.9
132 13.3 7.4 3.1 2.0
83 4.2 7.4 0.0 0.6
小盛 260 4.3 0.9 58.6 0.0
並盛 380 6.6 1.3 89.9 0.0
大盛 519 8.7 1.8 117.3 0.0
94 7.7 6.4 0.2 0.3
86 7.3 7.0 0.1 0.2
61 3.3 2.0 7.3 2.5
167 10.1 5.4 19.7 3.6
19 0.9 0.2 3.8 0.1
1個 151 6.1 9.5 9.5 0.6
2個 302 12.2 18.9 19.1 1.2
3個 453 18.2 28.4 28.6 1.8
4個 604 24.3 37.8 38.1 2.4
5個 755 30.4 47.3 47.6 3.0
320 10.7 17.1 31.5 2.4
410 11.4 24.3 37.4 2.4
205 7.7 12.2 14.4 5.7
103 7.7 7.4 0.2 0.3
533 16.5 38.9 27.0 2.3
554 18.6 45.4 19.5 3.4
48 1.4 0.0 10.6 0.1
82 6.7 4.0 6.4 0.5
127 11.6 8.8 0.6 1.1
4 0.8 0.1 0.9 0.1
29 2.6 0.4 4.8 0.6
250 9.0 15.8 15.7 2.9
293 24.8 16.4 9.8 3.1
611 26.2 39.5 33.9 3.7
415 20.8 24.8 23.1 4.7
261 15.8 17.9 8.9 1.4
特盛 502 31.2 35.8 13.5 2.3
114 5.7 8.2 4.5 0.5
199 2.2 17.0 9.4 0.7
6 0.3 0.1 1.4 0.0
122 8.1 9.6 0.9 0.6
174 3.3 11.0 15.3 0.1
牛とじ皿
うな皿
みそ汁
とろろ(単品)
きつねあげ(単品)
鶏から(単品)
牛すき皿
具だくさんとん汁
牛カルビ（単品）
豚しょうが焼き（単品）
海老天ぷら盛り合わせ（3種）
海老天ぷら盛り合わせ（5種）
銀鮭(単品)
菜の花のからし和え
こだわり卵のプリン(カスタード)
目玉焼き(単品)
納豆(単品)
親子皿
こだわり温たま
牛小鉢(単品)
つけもの
こだわり卵
肉すい
ライス
鶏小鉢(単品)
彩り野菜サラダ
カツとじ皿
お
か
ず
追加チーズ
追加青ネギ
食べるラー油
のり(単品)
ベーコン(単品)

-- 7 of 8 --

(kcal) (g) (g) (g) (g)
サイズ 熱量 炭水化物	たんぱく質 脂質 食塩相当量
カテゴリー メニュー
244 9.0 8.6 32.5 3.5
268 9.9 8.9 38.3 2.8
132 3.6 0.5 28.7 3.2
156 4.5 0.8 34.5 2.6
319 6.4 5.4 64.4 2.0
483 27.7 17.1 56.0 2.2
512 12.5 20.0 70.7 3.6
536 13.5 20.3 76.4 2.9
400 7.1 11.9 66.8 3.4
424 8.1 12.2 72.6 2.7
587 9.9 16.8 102.6 2.2
751 31.3 28.5 94.1 2.3
94 0.2 0.4 22.8 0.0
1 0.0 0.0 0.1 0.0
1 0.0 0.0 0.1 0.0
49 0.4 3.0 5.2 0.1
109 0.9 6.6 11.4 0.2
104 1.0 2.5 19.2 0.3
216 2.2 5.3 40.0 0.6
12 0.0 0.0 3.0 0.0
22 0.0 0.0 5.6 0.0
12 0.2 1.1 0.2 0.0
5 0.5 0.0 0.5 0.0
133 0.1 0.0 33.2 0.0
※店舗によって、お取り扱いメニューが異なる場合がございます。
アイスカフェオレ
お子様親子丼ぶりセット
お子様冷やしわかめうどんセット
アイスコーヒー
お子様わかめうどんセット
お子様ジュース
お子様冷やしきつねうどんセット
お子様きつねうどん
ド
リ
ン
ク
お子様きつねうどんセット
お子様冷やしきつねうどん
お子様親子丼ぶり
梅スカッシュ
お子様わかめうどん
お子様カレー丼ぶり
ホットココア
お
子
様
メ
ニ
ュ
ー
ホットコーヒー
ガムシロップ
スティックシュガー
アイスココア
お子様冷やしわかめうどん
カフェオレ
黒烏龍茶
コーヒーフレッシュ
お子様カレー丼ぶりセット

-- 8 of 8 --

