栄養成分について
● 検査機関で分析した数値および「日本食品標準成分表」に基づき算出しております。
● ひとつひとつ手作りしているため、実際の商品は数値に誤差が出る場合がありますのでご了承ください。
● 表示した数値には、お好みでお使いいただく調味料は含まれていません。（紅生姜、醤油、ドレッシング、七味、カルビ追いダレなど）
(kcal) (g) (g) (g) (g)
ミニ 204 10.4 15.1 7.0 1.7
並盛 297 15.0 22.0 9.9 2.4
中盛 423 21.1 32.3 12.2 2.8
２倍盛 581 29.1 43.8 17.6 4.2
３倍盛 865 43.3 65.7 25.5 5.9
４倍盛 1232 61.3 93.9 35.3 8.1
５倍盛 1435 71.4 109.4 41.2 9.5
ミニ 464 14.8 16.0 65.7 1.7
並盛 695 21.7 23.4 99.8 2.4
中盛 752 26.6 33.4 86.5 2.8
大盛 908 28.4 30.7 130.1 3.1
特盛 1100 37.8 45.6 134.9 4.2
メガ 1365 50.8 66.3 141.6 5.6
ミニ 488 15.8 16.1 69.8 2.8
並盛 719 22.7 23.5 103.9 3.5
中盛 776 27.6 33.5 90.6 3.9
大盛 932 29.4 30.8 134.2 4.2
特盛 1124 38.8 45.7 139.0 5.3
メガ 1389 51.8 66.4 145.7 6.8
ミニ 571 22.5 22.5 70.7 2.5
並盛 802 29.4 29.9 104.8 3.2
中盛 864 34.3 39.9 91.5 3.6
大盛 1015 36.1 37.2 135.1 3.9
特盛 1207 45.5 52.1 139.9 5.0
メガ 1472 58.5 72.8 146.6 6.5
ミニ 640 26.0 29.3 68.7 2.7
並盛 871 32.9 36.7 102.8 3.5
中盛 928 37.8 46.7 89.5 3.8
大盛 1084 39.6 44.0 133.1 4.2
特盛 1276 49.0 58.9 137.9 5.3
メガ 1541 62.0 79.6 144.6 6.7
ミニ 517 16.3 16.1 77.0 1.9
並盛 748 23.2 23.5 111.1 2.6
中盛 804 28.1 33.5 97.9 3.0
大盛 961 29.9 30.8 141.4 3.3
特盛 1153 39.3 45.7 146.2 4.4
メガ 1418 52.3 66.4 152.9 5.9
ミニ 485 16.6 16.1 69.4 2.6
並盛 716 23.5 23.5 103.5 3.3
中盛 773 28.4 33.5 90.2 3.7
大盛 929 30.2 30.8 133.8 4.0
特盛 1121 39.6 45.7 138.6 5.1
メガ 1386 52.6 66.4 145.3 6.6
ミニ 564 16.4 24.1 70.0 4.1
並盛 795 23.3 31.5 104.1 4.9
中盛 852 28.2 41.5 90.8 5.3
大盛 1008 30.0 38.8 134.4 5.6
特盛 1200 39.4 53.7 139.2 6.7
メガ 1465 52.4 74.4 145.9 8.1
更新日 2026年4月28日
牛皿
カロリー
すき家メニュー 栄養成分一覧表
食塩相当量	脂質	たんぱく質
サイズ	カテゴリー メニュー
ねぎ玉牛丼
高菜明太マヨ牛丼
とろ～り3種のチーズ牛丼
わさび山かけ牛丼
かつぶしオクラ牛丼
牛
丼
牛丼
おろしポン酢牛丼
炭水化物

-- 1 of 9 --

(kcal) (g) (g) (g) (g)
カロリー 食塩相当量	脂質	たんぱく質
サイズ	カテゴリー メニュー 炭水化物
ミニ 494 16.4 16.4 70.7 3.4
並盛 725 23.3 23.8 104.8 4.2
中盛 782 28.2 33.8 91.5 4.5
大盛 938 30.0 31.1 135.1 4.8
特盛 1130 39.4 46.0 139.9 6.0
メガ 1395 52.4 66.7 146.6 7.4
ミニ 720 26.6 34.8 75.2 3.0
並盛 956 33.7 42.7 109.4 3.8
中盛 1022 39.2 53.4 96.4 4.2
大盛 1190 40.9 50.1 143.9 4.7
特盛 1399 51.2 66.6 149.0 5.7
メガ 1681 65.1 88.7 156.1 7.2
ミニ 622 19.7 25.0 79.7 4.2
並盛 858 26.8 32.9 113.9 5.0
中盛 924 32.3 43.6 100.9 5.4
大盛 1092 34.0 40.3 148.4 5.9
特盛 1301 44.3 56.8 153.5 6.9
メガ 1583 58.2 78.9 160.6 8.4
ミニ 309 18.5 19.9 14.8 1.9
並盛 397 22.8 26.8 16.8 2.3
大盛 485 27.1 33.6 18.9 2.8
ミニ 412 25.8 26.4 19.0 1.8
並盛 485 29.6 33.1 18.4 2.2
大盛 586 34.3 40.1 23.1 2.7
ミニ 480 29.2 33.2 16.9 2.1
並盛 568 33.5 40.1 19.0 2.5
大盛 655 37.8 46.9 21.1 3.0
ミニ 356 19.5 20.0 25.2 1.2
並盛 444 23.8 26.9 27.3 1.7
大盛 531 28.1 33.7 29.4 2.1
ミニ 404 19.6 28.0 18.3 3.5
並盛 492 23.9 34.9 20.4 3.9
大盛 579 28.2 41.7 22.5 4.4
ミニ 322 18.8 20.0 17.6 1.9
並盛 410 23.1 26.9 19.7 2.3
大盛 497 27.4 33.7 21.8 2.8
ミニ 334 20.5 20.0 19.9 1.9
並盛 422 24.8 26.9 22.0 2.4
大盛 509 29.1 33.7 24.1 2.8
ミニ 334 19.6 20.3 19.0 2.8
並盛 422 23.9 27.2 21.1 3.2
大盛 530 29.2 35.6 23.6 3.8
ミニ 324 19.6 20.1 17.2 2.6
並盛 417 24.2 27.0 20.1 3.3
大盛 509 28.9 33.9 23.0 4.0
並盛 359 15.5 22.1 26.6 1.7
並盛 247 24.5 7.8 21.5 0.9
牛・お食事サラダ
とろ～り3種のチーズ牛丼ライト
かつぶしオクラ牛丼ライト
ねぎ玉牛丼ライト
牛丼ライト（テイクアウト）
チキン・お食事サラダ
にんにく明太マヨキムチ牛丼
お食事サラダ
牛丼ライト
牛
丼 にんにく明太マヨチーズ牛丼
牛
丼
ラ
イ
ト
キムチ牛丼
高菜明太マヨ牛丼ライト
おろしポン酢牛丼ライト
わさび山かけ牛丼ライト
キムチ牛丼ライト

-- 2 of 9 --

(kcal) (g) (g) (g) (g)
カロリー 食塩相当量	脂質	たんぱく質
サイズ	カテゴリー メニュー 炭水化物
ミニ 390 7.5 8.1 72.0 2.0
並盛 653 12.8 15.7 115.2 3.6
大盛 967 19.0 23.5 170.3 5.2
メガ 1311 25.6 31.4 231.8 7.7
ミニ 584 17.2 23.1 77.4 3.2
並盛 847 22.5 30.7 120.6 4.8
大盛 1161 28.7 38.5 175.7 6.4
メガ 1505 35.3 46.4 237.2 8.9
ミニ 566 18.7 21.4 75.0 3.1
並盛 829 24.0 29.0 118.3 4.7
大盛 1143 30.2 36.8 173.3 6.3
メガ 1487 36.8 44.7 234.8 8.8
ミニ 474 14.3 13.8 72.1 2.2
並盛 737 19.6 21.5 115.4 3.8
大盛 1051 25.8 29.2 170.5 5.4
メガ 1395 32.4 37.2 231.9 7.9
ミニ 650 25.5 27.1 75.1 3.3
並盛 913 30.8 34.8 118.4 4.9
大盛 1227 37.0 42.5 173.5 6.5
メガ 1571 43.6 50.5 234.9 9.0
ミニ 668 24.0 28.8 77.5 3.4
並盛 931 29.3 36.5 120.8 5.0
大盛 1245 35.5 44.2 175.9 6.6
メガ 1589 42.1 52.2 237.3 9.1
ミニ 760 28.4 42.8 75.9 3.4
並盛 1023 33.7 44.0 123.7 5.9
大盛 1337 39.9 51.8 178.7 7.4
メガ 1681 46.5 59.7 240.2 10.0
ミニ 647 18.4 30.6 75.1 3.9
並盛 910 23.7 38.3 118.4 5.5
大盛 1218 29.6 45.5 173.4 7.0
メガ 1562 36.2 53.5 234.9 9.5
ミニ 401 9.1 8.1 73.5 2.2
並盛 663 14.4 15.7 116.8 3.8
大盛 978 20.6 23.5 171.9 5.4
メガ 1321 27.2 31.4 233.3 7.9
ミニ 817 29.4 43.4 78.1 4.9
並盛 1080 34.7 51.1 121.4 6.5
大盛 1394 40.8 58.8 176.5 8.1
メガ 1738 47.4 66.8 237.9 10.6
ミニ 577 20.3 21.4 76.5 3.3
並盛 839 25.6 29.0 119.8 4.9
大盛 1154 31.8 36.8 174.9 6.4
メガ 1497 38.4 44.7 236.3 9.0
ミニ 778 26.8 38.0 82.8 4.4
並盛 1041 32.1 45.6 126.0 6.0
大盛 1355 38.3 53.4 181.1 7.5
メガ 1699 44.9 61.3 242.6 10.1
ミニ 700 24.6 32.6 77.6 3.4
並盛 963 29.9 40.2 120.9 5.0
大盛 1277 36.1 48.0 176.0 6.6
メガ 1621 42.7 56.0 237.4 9.1
ミニ 625 25.3 23.2 79.4 3.4
並盛 888 30.6 30.8 122.7 5.0
大盛 1202 36.7 38.6 177.8 6.6
メガ 1546 43.3 46.6 239.2 9.1
14 0.2 0.7 1.6 0.5
カ
レ
ー
とろ～りチーズカレー
ソーセージカレー
おんたまカレー
チーズおんたまカレー
おんたま牛カレー
チーズ牛カレー
肉2倍牛カレー
カレー
目玉焼き牛カレー
チーズインハンバーグカレー
ほうれん草カレー
チーズほうれん草カレー
チーズソーセージカレー
牛カレー
すき家の特製辛口ソース

-- 3 of 9 --

(kcal) (g) (g) (g) (g)
カロリー 食塩相当量	脂質	たんぱく質
サイズ	カテゴリー メニュー 炭水化物
ミニ 604 29.4 14.1 89.2 3.4
並盛 673 30.6 14.4 104.8 3.4
大盛 794 32.6 14.8 132.2 3.4
特盛 971 47.9 21.3 145.1 6.0
ミニ 674 30.0 21.1 90.6 4.1
並盛 743 31.2 21.4 106.2 4.1
大盛 864 33.2 21.8 133.6 4.1
特盛 1041 48.5 28.2 146.5 6.6
ミニ 621 30.6 14.2 93.7 3.4
並盛 690 31.8 14.5 109.3 3.4
大盛 811 33.8 14.9 136.7 3.4
特盛 988 49.1 21.3 149.6 6.0
並盛 177 21.9 8.7 2.7 0.7
並盛 591 28.9 10.1 96.1 1.7
大盛 719 31.1 10.5 125.2 1.7
特盛 887 52.0 18.9 126.0 2.8
並盛 699 36.3 16.8 100.4 2.8
大盛 827 38.5 17.2 129.5 2.8
特盛 1023 60.0 26.8 134.2 4.8
並盛 639 30.2 10.1 106.7 1.8
大盛 767 32.4 10.5 135.8 1.8
特盛 936 53.3 18.9 136.5 2.9
ごはん少なめ 830 25.5 38.3 95.8 2.9
並盛 885 26.4 38.6 108.3 2.5
大盛 1037 29.0 39.2 142.7 2.9
特盛 1522 48.6 76.2 161.0 5.3
ごはん少なめ 860 27.1 38.7 100.9 4.6
並盛 929 28.3 39.0 116.5 4.6
大盛 1067 30.6 39.5 147.8 4.6
特盛 1552 50.2 76.5 166.0 7.1
ごはん少なめ 1007 36.7 51.6 98.9 3.9
並盛 1075 37.9 51.9 114.5 3.9
大盛 1213 40.2 52.4 145.8 3.9
特盛 1698 59.9 89.4 164.1 6.4
ごはん少なめ 945 33.8 45.4 100.8 3.7
並盛 1012 35.1 45.7 116.1 3.2
大盛 1150 37.4 46.2 147.4 3.2
特盛 1635 57.0 83.2 165.6 5.7
ごはん少なめ 873 27.5 38.9 103.0 3.0
並盛 942 28.7 39.3 118.6 3.0
大盛 1080 31.0 39.8 149.9 3.0
特盛 1565 50.6 76.8 168.2 5.4
ごはん少なめ 1071 36.6 56.0 105.0 4.2
並盛 1127 37.6 56.3 117.4 3.8
大盛 1278 40.1 56.8 151.9 4.2
特盛 1635 51.3 83.7 169.7 6.1
ごはん少なめ 973 29.7 46.2 109.5 5.4
並盛 1029 30.7 46.5 121.9 5.0
大盛 1181 33.2 47.0 156.4 5.4
特盛 1665 52.9 84.0 174.6 7.8
ごはん少なめ 622 18.1 21.6 91.3 2.9
並盛 784 23.9 28.8 109.8 3.6
大盛 997 30.6 36.1 140.1 4.3
特盛 1189 40.0 51.0 144.9 5.4
ごはん少なめ 705 24.8 27.3 91.4 3.1
並盛 867 30.6 34.5 109.9 3.8
大盛 1080 37.3 41.8 140.2 4.5
特盛 1272 46.7 56.7 145.0 5.7
まぐろユッケ丼
旨だしとりそぼろ丼
明太マヨ旨だしとりそぼろ丼
にんにく明太マヨチーズ牛カルビ焼肉丼
にんにく明太マヨキムチ牛カルビ焼肉丼
オクラ旨だしとりそぼろ丼
牛カルビ焼肉丼
キムチ牛カルビ焼肉丼
チーズ牛カルビ焼肉丼
ねぎ玉牛カルビ焼肉丼
にんにく牛カルビ焼肉丼
山かけまぐろたたき丼
まぐろたたき丼
まぐろたたき皿
シャキうま塩野菜牛丼
おんたまシャキうま塩野菜牛丼
こ
だ
わ
り
丼

-- 4 of 9 --

(kcal) (g) (g) (g) (g)
カロリー 食塩相当量	脂質	たんぱく質
サイズ	カテゴリー メニュー 炭水化物
ごはん少なめ 656 23.1 21.8 91.9 3.5
並盛 726 24.2 22.0 107.6 3.5
大盛 847 26.3 23.3 248.9 3.5
ごはん少なめ 784 31.6 31.9 92.4 4.1
並盛 853 32.7 32.2 108.1 4.1
大盛 974 34.8 33.5 249.4 4.1
ごはん少なめ 855 32.7 36.7 98.5 5.0
並盛 924 33.9 36.9 114.2 5.0
大盛 1045 35.9 38.2 255.5 5.0
ごはん少なめ 982 41.2 46.9 99.0 5.5
並盛 1052 42.4 47.1 114.7 5.5
大盛 1173 44.4 48.4 256.0 5.5
並盛 255 16.0 17.3 8.5 1.8
特盛 509 31.9 34.6 16.8 3.7
並盛 662 22.8 18.7 100.2 2.2
大盛 791 24.9 19.1 129.4 2.5
特盛 1028 40.6 36.4 134.1 3.7
ごはん少なめ 677 28.4 24.1 84.7 2.3
並盛 746 29.7 24.4 100.3 2.4
大盛 876 31.8 24.8 129.5 2.7
特盛 1113 47.4 42.1 134.1 3.9
ごはん少なめ 645 23.0 18.5 95.9 2.4
並盛 714 24.3 18.8 111.5 2.4
大盛 844 26.4 19.2 140.7 2.7
特盛 1081 42.1 36.5 145.4 3.9
並盛 443 25.3 33.0 11.4 2.0
特盛 685 40.8 50.9 16.0 2.9
ごはん少なめ 791 31.0 34.0 89.9 3.0
並盛 860 32.2 34.3 105.5 3.0
大盛 990 34.4 34.7 134.8 3.3
特盛 1232 49.8 52.7 139.3 4.2
ごはん少なめ 875 37.9 39.7 90.1 3.2
並盛 945 39.1 40.1 105.7 3.2
大盛 1074 41.2 40.5 134.9 3.5
特盛 1316 56.7 58.4 139.5 4.4
ごはん少なめ 844 32.5 34.1 101.2 3.2
並盛 913 33.7 34.4 116.8 3.2
大盛 1043 35.8 34.8 146.1 3.5
特盛 1284 51.3 52.8 150.6 4.4
こ
だ
わ
り
丼
スパイシーキーマカレー丼
チーズスパイシーキーマカレー丼
うな皿
牛あいがけスパイシーキーマカレー丼
牛あいがけチーズスパイシーキーマカレー丼
うな丼
うな牛
うな牛皿
おんたまうな丼
山かけうな丼
おんたまうな牛
う
な
ぎ
山かけうな牛

-- 5 of 9 --

(kcal) (g) (g) (g) (g)
カロリー 食塩相当量	脂質	たんぱく質
サイズ	カテゴリー メニュー 炭水化物
並盛 832 31.7 30.8 107.0 4.8
中盛 966 38.3 41.2 110.5 5.6
２倍盛 1116 45.8 52.6 114.7 6.6
並盛 768 25.9 25.2 110.7 5.9
中盛 833 31.3 35.3 98.6 6.7
２倍盛 1069 40.3 47.0 122.3 7.7
並盛 885 33.2 30.9 118.3 5.0
中盛 883 33.1 30.7 118.4 5.9
２倍盛 1170 47.4 52.8 126.6 6.8
ミニ 436 21.2 10.1 66.4 4.6
並盛 574 23.5 10.6 97.6 4.6
大盛 696 25.7 11.0 125.2 4.6
ミニ 443 19.1 10.2 70.5 3.7
並盛 581 21.4 10.7 101.7 3.7
大盛 702 23.4 11.1 129.1 3.7
ミニ 562 32.0 17.7 70.0 5.1
並盛 700 34.3 18.2 101.2 5.1
大盛 821 36.3 18.6 128.6 5.1
ミニ 551 22.1 22.5 66.4 3.7
並盛 689 24.4 23.0 97.6 3.7
大盛 810 26.4 23.4 125.0 3.7
ミニ 671 32.1 29.6 69.3 4.1
並盛 809 34.4 30.1 100.5 4.1
大盛 930 36.4 30.5 127.9 4.1
納豆定食
鮭・納豆定食
鮭定食
山かけとろろ牛皿定食
さば納豆定食
牛皿定食
おろしポン酢牛皿定食
さば定食
定
食

-- 6 of 9 --

(kcal) (g) (g) (g) (g)
カロリー 食塩相当量	脂質	たんぱく質
サイズ	カテゴリー メニュー 炭水化物
ミニ 393 14.8 8.1 65.4 2.4
並盛 531 17.1 8.6 96.6 2.4
大盛 652 19.1 9.0 124.0 2.4
ミニ 430 18.0 9.6 67.9 2.5
並盛 568 20.3 10.1 99.1 2.5
大盛 689 22.3 10.5 126.5 2.5
ミニ 503 20.3 16.2 69.1 3.3
並盛 641 22.6 16.7 100.3 3.3
大盛 762 24.6 17.1 127.7 3.3
ミニ 546 28.7 18.6 66.1 3.6
並盛 684 31.0 19.1 97.3 3.6
大盛 805 33.0 19.5 124.7 3.6
ミニ 628 28.7 28.0 65.4 2.9
並盛 766 31.0 28.5 96.6 2.9
大盛 887 33.0 28.9 124.0 2.9
ミニ 411 15.1 8.6 69.0 3.1
並盛 549 17.4 9.1 100.2 3.1
大盛 670 19.4 9.5 127.6 3.1
ミニ 448 18.3 10.2 71.5 3.3
並盛 586 20.6 10.7 102.7 3.3
大盛 707 22.6 11.1 130.1 3.3
ミニ 521 20.5 16.7 72.7 4.0
並盛 659 22.8 17.2 103.9 4.0
大盛 780 24.8 17.6 131.3 4.0
ミニ 564 29.0 19.1 69.7 4.4
並盛 702 31.3 19.6 100.9 4.4
大盛 819 33.3 20.0 128.3 4.4
ミニ 646 29.0 28.5 69.0 3.7
並盛 784 31.3 29.0 100.2 3.7
大盛 905 33.3 29.4 127.6 3.7
ミニ 569 20.5 22.9 71.2 4.0
並盛 707 22.8 23.4 102.4 4.0
大盛 828 24.8 23.8 129.8 4.0
ミニ 606 23.7 24.5 73.7 4.2
並盛 744 26.0 25.0 104.9 4.2
大盛 865 28.0 25.4 132.3 4.2
ミニ 676 25.9 31.0 74.2 4.9
並盛 814 28.2 31.5 105.4 4.9
大盛 935 30.2 31.9 132.8 4.9
ミニ 544 20.3 20.7 69.7 3.8
並盛 682 22.6 21.2 100.9 3.8
大盛 803 24.6 21.6 128.3 3.8
ミニ 581 23.5 22.3 72.2 4.0
並盛 719 25.8 22.8 103.4 4.0
大盛 840 27.8 23.2 130.8 4.0
ミニ 654 25.8 28.8 73.4 4.7
並盛 792 28.1 29.3 104.6 4.7
大盛 913 30.1 29.7 132.0 4.7
ミニ 480 22.2 13.4 69.5 4.2
並盛 618 24.5 13.9 100.7 4.2
大盛 735 26.5 14.3 128.1 4.2
ミニ 522 25.7 15.1 72.5 4.4
並盛 660 28.0 15.6 103.7 4.4
大盛 777 30.0 16.0 131.1 4.4
ミニ 579 28.9 20.5 72.7 4.0
並盛 717 31.2 21.0 103.9 4.0
大盛 838 33.2 21.4 131.3 4.0
朝
食
納豆焼鮭朝食
ソーセージエッグ朝食
牛小鉢ベーコンエッグ朝食
自社製ベーコンエッグ朝食
塩さばまぜのっけ朝食
牛たまかけ朝食
牛まぜのっけ朝食
納豆まぜのっけ朝食
納豆ベーコンエッグ朝食
牛小鉢ソーセージエッグ朝食
まぜのっけ朝食
塩さばたまかけ朝食
納豆たまかけ朝食
焼鮭朝食
納豆ソーセージエッグ朝食
牛焼鮭朝食
焼鮭まぜのっけ朝食
焼鮭たまかけ朝食
たまかけ朝食

-- 7 of 9 --

(kcal) (g) (g) (g) (g)
カロリー 食塩相当量	脂質	たんぱく質
サイズ	カテゴリー メニュー 炭水化物
ミニ 562 22.2 22.8 68.8 3.5
並盛 700 24.5 23.3 100.0 3.5
大盛 821 26.5 23.7 127.4 3.5
ミニ 604 25.8 24.5 71.8 3.7
並盛 742 28.1 25.0 103.0 3.7
大盛 863 30.1 25.4 130.4 3.7
ミニ 693 28.8 31.2 72.8 4.9
並盛 831 31.1 31.7 104.0 4.9
大盛 952 33.1 32.1 131.4 4.9
362 12.2 15.5 43.7 1.0
410 14.9 18.6 46.2 1.7
258 5.9 3.4 51.1 1.3
307 8.6 6.5 53.6 1.8
319 20.8 5.5 47.0 1.9
19 0.0 0.0 5.1 0.1
19 0.5 0.0 5.1 0.0
24 0.5 0.0 5.6 0.0
118 0.0 0.0 30.0 0.0
143 0.5 0.3 35.0 0.0
129 0.0 0.0 32.7 0.0
122 0.5 0.3 29.7 0.0
111 0.6 0.6 29.1 0.0
113 0.2 0.4 27.9 0.0
ミニ 260 4.4 0.9 58.7 0.0
並盛 398 6.7 1.4 89.9 0.0
大盛 519 8.7 1.8 117.3 0.0
37 2.3 1.4 4.2 2.2
114 7.9 5.6 8.0 2.7
249 6.0 14.3 24.2 3.2
52 3.1 1.7 6.5 3.1
131 9.9 7.3 6.7 3.3
123 9.2 7.3 4.3 2.3
127 9.8 6.2 8.2 2.2
65 3.8 1.9 9.4 2.3
75 4.5 1.9 11.7 2.3
28 1.5 0.3 5.9 0.1
37 2.1 0.3 8.2 0.1
80 2.4 6.2 3.9 1.1
13 0.7 0.1 2.3 0.9
110 5.5 8.1 3.7 0.9
84 6.9 5.7 0.2 0.2
84 6.9 5.7 0.2 0.2
２個 123 10.1 6.8 5.2 0.8
６個 368 30.4 20.5 15.5 2.5
100 5.1 8.8 0.0 0.7
125 5.3 11.0 1.6 0.9
85 16.1 1.4 2.1 0.4
120 13.0 7.5 0.1 1.4
235 13.9 19.9 0.1 0.5
48 1.4 0.0 10.6 0.1
30 2.4 0.1 5.9 0.9
30 1.6 0.4 5.0 1.8
37 0.9 2.3 3.7 0.7
43 2.0 0.6 7.2 0.1
1 0.1 0.0 0.2 0.0
88 7.4 4.7 4.1 0.0
84 7.0 4.3 5.8 0.0
3 0.4 0.0 0.4 0.0
一
品
朝
食
納豆
すきすきセット（黒烏龍茶）
冷やっこセット
お子様牛丼
お子様とりそぼろ丼
サラダ（ドレッシング除く）
カレールー
すきすきセット
お子様メニュー
山かけ
すきすきセット（オレンジジュース）
ごはん
おしんこセット
とん汁
すきすきセット（緑茶）
すきすきセット（コーラ）
すきすきセット（カルピス）
すきすきセット（ファンタメロン）
3点セット
フライドにんにく
おしんこ
塩サバ
たまご
ソーセージ
からあげ
冷やっこ
すきすきセット（爽健美茶）
みそ汁
すきすきセット（りんごジュース）
季節の小鉢
すきすきセット（ぶどうジュース）
ささみチキン
鮭
牛小鉢
オクラサラダ（ドレッシング除く）
かつぶしオクラ
たまごセット
ベーコン
サラダセット（ドレッシング除く）
オクラサラダセット（ドレッシング除く）
おんたま
お子様チーズカレー
お子様チーズ牛丼
お子様カレー
塩さば朝食
納豆塩さば朝食
味付のり
キムチ
シーザーサラダ
青ねぎ
牛塩さば朝食

-- 8 of 9 --

(kcal) (g) (g) (g) (g)
カロリー 食塩相当量	脂質	たんぱく質
サイズ	カテゴリー メニュー 炭水化物
19 0.4 0.7 2.7 0.6
179 11.2 13.6 3.4 1.1
110 0.3 12.1 0.1 0.3
24 1.1 0.1 6.0 1.1
100 1.8 8.9 4.4 2.0
29 1.2 2.0 2.9 1.4
71 0.6 6.9 1.5 0.6
487 19.7 37.2 18.4 2.5
２倍盛 972 39.4 74.2 36.6 5.0
235 17.8 15.1 7.4 1.4
94 0.2 0.4 22.8 0.0
92 0.6 0.6 24.0 0.0
210 2.0 0.0 15.0 0.1
0 0.0 0.0 0.0 0.0
M 99 0.0 0.0 24.8 0.0
L 133 0.0 0.0 33.5 0.0
M 108 0.5 0.2 24.6 0.0
L 146 0.6 0.3 33.2 0.0
M 110 0.0 0.0 27.6 0.0
L 149 0.0 0.0 37.2 0.0
M 122 0.5 0.2 29.9 0.0
L 164 0.6 0.3 40.3 0.0
0 0.0 0.0 0.0 0.0
0 0.5 0.0 0.0 0.0
5 0.5 0.0 0.5 0.1
153 0.2 0.2 37.2 0.0
0 0.0 0.0 0.1 0.0
M 1 0.0 0.0 0.1 0.0
L 1 0.1 0.0 0.2 0.0
S 176 3.5 6.4 26.2 0.3
M 252 5.0 9.2 37.4 0.4
L 340 6.8 12.4 50.5 0.5
S 194 3.8 6.6 30.1 0.3
M 275 5.4 9.4 42.7 0.4
L 375 7.4 12.8 58.4 0.6
S 196 3.5 6.5 31.3 0.3
M 279 5.0 9.2 44.3 0.4
L 380 6.8 12.5 60.8 0.5
S 216 3.7 7.9 32.6 0.2
M 300 5.1 11.0 45.3 0.3
L 405 6.9 14.9 61.0 0.4
12 0.0 0.0 3.0 0.0
37 0.0 0.0 9.2 0.0
11 0.2 1.0 0.2 0.0
19 0.1 0.0 5.1 0.0
190 3.3 13.1 14.0 0.1
198 3.1 11.8 20.1 0.1
チーズインハンバーグ
一
品
おろしポン酢
高菜明太マヨ
明太マヨ
高菜
※店舗によって、お取り扱いメニューが異なる場合がございます。
スティックシュガー
ガムシロップ
コーヒーフレッシュ
なめらかカラメルぷりん
Sukiシェイク バニラ
カットりんご
緑茶
黒鳥龍茶
ホットコーヒー（砂糖・ミルクを除く）
アイスコーヒー（砂糖・ミルクを除く）
Sukiシェイク チーズケーキ
Sukiシェイク 抹茶
とろけるダブルショコラ
Sukiシェイク 北海道メロン
ド
リ
ン
ク
・
デ
ザ
ー
ト
アールグレイティーレモネード
ミニッツメイドオレンジ
ファンタメロン
爽健美茶
アサヒスーパードライ（中瓶）
りんごジュース
コカ・コーラ
カルピス
コチュジャンだれ
ノンアルコールビール
すき家特製マヨネーズ
牛カルビ焼肉皿
ぶどうジュース
とろ～り3種チーズ

-- 9 of 9 --

